1948 2024
1948    0.23   -0.09   -0.21    -0.08    0.04    0.09   -0.08   -0.08    0.02    0.06   -0.11   -0.17
1949    0.02   -0.28   -0.07    -0.24   -0.14   -0.21   -0.05   -0.12   -0.04    0.04   -0.07   -0.10
1950   -0.23   -0.26   -0.02    -0.22   -0.20   -0.09   -0.05   -0.31   -0.14   -0.19   -0.32   -0.20
1951   -0.43   -0.48   -0.19    -0.09    0.00   -0.16   -0.17    0.05   -0.05    0.04    0.00    0.15
1952    0.07    0.11   -0.14    -0.05   -0.13   -0.08    0.06    0.11    0.13   -0.02   -0.19   -0.04
1953    0.08    0.06    0.16     0.16    0.04    0.02   -0.05    0.11    0.09    0.08    0.04    0.19
1954   -0.27   -0.04   -0.08    -0.12   -0.17   -0.21   -0.24   -0.22   -0.17    0.05    0.19   -0.08
1955    0.23   -0.07   -0.35    -0.19   -0.16   -0.21   -0.13    0.13   -0.10    0.01   -0.27   -0.28
1956   -0.20   -0.31   -0.29    -0.25   -0.27   -0.08   -0.08   -0.34   -0.14   -0.23   -0.22   -0.19
1957   -0.10   -0.02   -0.06     0.03    0.01    0.16   -0.06    0.18    0.14    0.02    0.18    0.21
1958    0.44    0.26    0.16     0.08    0.13   -0.22    0.06   -0.12   -0.10    0.09    0.10   -0.07
1959    0.04    0.07    0.22     0.23   -0.01    0.10    0.04    0.01   -0.17   -0.08   -0.07    0.11
1960    0.05    0.24   -0.51    -0.24   -0.15   -0.04   -0.13    0.06    0.07    0.11   -0.08    0.19
1961    0.10    0.21    0.03     0.14    0.18    0.16    0.06    0.06    0.22    0.11    0.08   -0.17
1962    0.03    0.19    0.09     0.06   -0.12    0.04   -0.11   -0.05    0.02    0.05    0.11   -0.01
1963    0.00    0.23   -0.21    -0.19   -0.13    0.05    0.04    0.17    0.23    0.14    0.09   -0.05
1964   -0.06   -0.11   -0.23    -0.35   -0.32   -0.12   -0.04   -0.30   -0.38   -0.32   -0.19   -0.32
1965   -0.03   -0.18   -0.11    -0.23   -0.08   -0.09   -0.24   -0.06   -0.22   -0.09   -0.08   -0.18
1966   -0.21   -0.05    0.15    -0.10   -0.10   -0.01    0.09   -0.10   -0.03   -0.27    0.00   -0.06
1967   -0.06   -0.26    0.04    -0.08    0.16   -0.09    0.08    0.05    0.01    0.13    0.04   -0.01
1968   -0.23   -0.15    0.33    -0.10   -0.19   -0.16   -0.14   -0.07   -0.27    0.05   -0.10   -0.22
1969   -0.14   -0.30   -0.09     0.10    0.16    0.05   -0.05   -0.06    0.03    0.05    0.09    0.33
1970    0.06    0.30    0.09     0.06   -0.05    0.11    0.16   -0.11    0.19    0.08    0.04   -0.10
1971   -0.03   -0.09   -0.20    -0.06   -0.08   -0.19   -0.06    0.06    0.02    0.03   -0.14   -0.06
1972   -0.28   -0.33   -0.06    -0.04   -0.02    0.07    0.06    0.20    0.07   -0.05   -0.08    0.11
1973    0.26    0.33    0.36     0.35    0.30    0.28    0.22    0.05    0.07    0.12    0.08   -0.02
1974   -0.02   -0.24   -0.03    -0.11   -0.02    0.03   -0.02    0.13   -0.10   -0.06   -0.09   -0.03
1975    0.10    0.12    0.14     0.03    0.24    0.01    0.05   -0.22   -0.02   -0.06   -0.13   -0.21
1976   -0.04   -0.10   -0.34    -0.21   -0.20   -0.15   -0.19   -0.23   -0.13   -0.36   -0.23   -0.03
1977    0.13    0.22    0.29     0.30    0.32    0.34    0.27    0.30   -0.10   -0.02    0.21    0.12
1978    0.10    0.14    0.24     0.29    0.23    0.00    0.19   -0.16    0.12    0.03    0.09    0.06
1979    0.09   -0.14    0.24     0.23   -0.03    0.18    0.02    0.13    0.25    0.25    0.27    0.50
1980    0.33    0.38    0.36     0.36    0.45    0.22    0.28    0.24    0.32    0.14    0.26    0.18
1981    0.58    0.53    0.63     0.47    0.31    0.31    0.46    0.53    0.22    0.05    0.20    0.44
1982    0.01    0.23    0.00     0.08    0.25    0.00    0.17    0.00    0.04   -0.03    0.16    0.38
1983    0.47    0.41    0.45     0.35    0.43    0.24    0.18    0.46    0.52    0.22    0.29    0.17
1984    0.23    0.07    0.32     0.08    0.46   -0.01    0.18    0.27    0.23    0.14    0.09   -0.03
1985    0.27    0.01    0.20     0.17    0.11    0.22    0.02    0.32    0.19    0.10    0.02    0.07
1986    0.33    0.46    0.38     0.34    0.27    0.09    0.10    0.24    0.01    0.11    0.05    0.12
1987    0.33    0.48    0.23     0.35    0.25    0.49    0.47    0.17    0.29    0.36    0.33    0.50
1988    0.60    0.45    0.59     0.44    0.60    0.51    0.40    0.45    0.49    0.50    0.15    0.31
1989    0.15    0.33    0.38     0.35    0.17    0.12    0.45    0.44    0.46    0.37    0.20    0.39
1990    0.50    0.44    0.91     0.63    0.49    0.39    0.68    0.44    0.18    0.56    0.56    0.48
1991    0.48    0.58    0.44     0.65    0.37    0.62    0.59    0.54    0.52    0.31    0.29    0.28
1992    0.54    0.38    0.55     0.27    0.24    0.29    0.00    0.12   -0.07    0.04    0.01    0.24
1993    0.31    0.36    0.32     0.30    0.27    0.18    0.32    0.17    0.12    0.27    0.06    0.24
1994    0.36    0.07    0.28     0.54    0.24    0.56    0.38    0.27    0.40    0.43    0.50    0.47
1995    0.56    0.92    0.50     0.56    0.38    0.53    0.62    0.58    0.46    0.63    0.49    0.34
1996    0.37    0.53    0.44     0.45    0.34    0.33    0.56    0.73    0.41    0.36    0.50    0.47
1997    0.48    0.57    0.60     0.33    0.38    0.68    0.32    0.44    0.50    0.62    0.73    0.70
1998    0.70    1.18    0.83     0.78    0.90    1.02    0.89    0.86    0.61    0.64    0.60    0.79
1999    0.73    0.85    0.45     0.38    0.42    0.59    0.64    0.54    0.64    0.53    0.54    0.47
2000    0.28    0.76    0.65     0.69    0.49    0.65    0.59    0.61    0.56    0.34    0.45    0.42
2001    0.65    0.62    0.70     0.60    0.72    0.64    0.68    0.65    0.66    0.62    0.85    0.73
2002    1.00    0.96    1.09     0.82    0.87    0.60    0.83    0.72    0.88    0.67    0.69    0.56
2003    0.95    0.76    0.75     0.70    0.85    0.64    0.73    0.79    0.79    0.81    0.64    0.87
2004    0.70    0.92    0.77     0.75    0.45    0.69    0.23    0.61    0.56    0.77    0.92    0.70
2005    0.97    0.87    0.99     0.83    0.77    0.82    0.78    0.75    0.99    1.02    0.93    0.90
2006    0.79    1.01    0.82     0.64    0.50    0.83    0.71    0.89    0.83    0.92    0.94    0.98
2007    1.28    0.94    0.97     0.99    0.98    0.75    0.81    0.88    0.85    0.83    0.76    0.74
2008    0.52    0.49    0.93     0.69    0.61    0.58    0.78    0.46    0.82    0.84    0.87    0.69
2009    0.79    0.78    0.69     0.78    0.85    0.83    0.94    0.92    0.95    0.75    0.90    0.75
2010    0.95    1.08    1.13     0.98    0.99    0.92    0.78    0.86    0.90    0.97    1.04    0.62
2011    0.78    0.61    0.78     0.83    0.65    0.79    0.90    1.05    0.80    0.87    0.83    0.86
2012    0.64    0.61    0.72     0.90    1.01    0.72    0.63    0.90    0.89    1.00    0.98    0.73
2013    1.02    0.81    0.87     0.66    0.72    0.98    0.75    0.90    1.04    0.90    0.96    0.92
2014    1.01    0.71    0.84     0.95    1.09    0.80    0.75    0.92    1.11    1.02    0.85    0.96
2015    1.03    1.14    1.15     0.79    0.91    0.95    0.73    0.93    0.87    1.24    1.30    1.50
2016    1.37    1.69    1.69     1.36    1.24    0.98    1.03    1.36    1.19    1.19    1.30    1.22
2017    1.24    1.46    1.44     1.17    1.26    0.85    1.08    1.12    1.00    1.21    1.14    1.24
2018    1.15    1.18    1.16     1.23    1.03    0.96    1.16    1.00    1.01    1.20    1.06    1.25
2019    1.21    1.26    1.44     1.31    1.13    1.13    1.20    1.16    1.13    1.25    1.30    1.49
2020    1.48    1.60    1.41     1.43    1.29    1.22    1.07    1.04    1.32    1.19    1.53    1.16
2021    1.15    0.92    1.22     0.99    0.98    1.11    1.23    1.14    1.30    1.33    1.16    1.22
2022    1.17    1.14    1.43     1.07    1.09    1.19    1.24    1.22    1.14    1.28    0.92    1.04
2023    1.16    1.27    1.48     1.29    1.15    1.37    1.48    1.42    1.87    1.58    1.66    1.63
2024    1.51    1.77    1.64     1.54    1.37    1.41    1.47 9999.00 9999.00 9999.00 9999.00 9999.00
 9999
 originally from from https://data.giss.nasa.gov/gistemp/tabledata/GLB.Ts.txt
